ch_1:
  cal_mean: 0.011156800000000001
  cal_std: 0.005055473643487818
  cal_conf_99: 0.0002604580021124924

ch_2:
  cal_mean: 0.23192
  cal_std: 0.11237932906010785
  cal_conf_99: 0.005789783033176756
