cal_mean: 0.0014056000000000001
cal_std: 0.00044889268205218047
cal_conf_99: 2.3126950979328337e-05